image: /home/go1/maps/5tonic-test.pgm
resolution: 0.050000
origin: [-2.650002, -5.222668, 0.000000]
negate: 0
occupied_thresh: 0.65
free_thresh: 0.196

